$ 1 0.000005 5.023272298708815 53 5 43
v -144 336 -144 208 0 1 60 220 0 0 0.5
w -144 336 -64 336 0
w 128 208 208 208 0
d 208 208 272 144 2 default
d 272 272 208 208 2 default
d 272 272 336 208 2 default
d 336 208 272 144 2 default
w 128 336 336 336 0
w 336 208 336 336 0
w 272 144 368 144 0
w 272 272 368 272 0
T 0 208 128 336 0 4 0.13 0.2904127486553285 5.074621278744473e-13 0.999
x 265 126 279 129 4 24 \p
x 268 298 275 301 4 24 -
s -144 208 -64 208 0 0 false
c 368 144 368 272 0 0.00047 26.61719379469153
w 432 144 480 144 0
w 432 272 480 272 0
w -64 208 0 208 0
34 zvoltage\q13 0 1.7143528192808883e-7 0 2 13
z 480 272 480 208 2 zvoltage\q13
w -64 336 0 336 0
r 592 208 592 272 0 100
r 480 144 480 208 0 1000
t 544 192 592 192 0 1 -13.721656496641883 0.719511396258737 100
w 480 208 512 208 0
174 528 208 528 256 1 10000 0.005 Resistance
w 480 272 512 272 0
w 592 176 592 144 0
w 480 144 576 144 0
w 512 272 528 272 0
w 512 208 528 208 0
w 544 240 544 192 0
w 528 272 592 272 0
w 576 144 592 144 0
w 592 272 624 272 0
p 624 208 624 272 1 0
w 592 208 608 208 0
w 608 208 624 208 0
r 432 144 432 208 0 1000
162 432 208 432 272 2 default-led 1 0 0 0.02
w 368 144 416 144 0
w 368 272 416 272 0
w 416 144 432 144 0
w 416 272 432 272 0
x 358 295 675 298 4 10 Resistor\sde\s100\sohms\se\sVoltímetro\snão\sestão\spresentes\sno\sprojeto\sfinal.
o 15 32 0 4099 40 3.2 0 2 15 3
o 21 16 0 4099 20 0.2 1 2 21 3
